$ 1 0.000005 10.20027730826997 50 5 50
f 224 224 288 224 0 1.5
R 160 224 64 224 0 0 40 5 0 0 0.5
r 160 224 224 224 0 1000
g 288 240 288 304 0
r 288 96 288 32 0 100000
d 128 80 192 80 1 0.35
f 288 96 208 96 1 1.5
w 288 96 288 144 0
w 208 80 192 80 0
w 288 144 288 208 0
r 208 112 80 112 0 100
g 80 112 32 112 0
R 336 32 576 32 0 0 40 5 0 0 0.5
w 128 80 16 80 0
w 16 80 16 128 0
w 16 128 160 128 0
w 160 128 160 224 0
w 288 96 320 96 0
w 320 96 320 208 0
w 320 208 352 208 0
f 352 208 400 208 0 1.5
g 400 224 400 304 0
r 400 192 400 96 0 100
w 400 48 400 96 0
f 432 112 480 112 1 1.5
w 400 48 480 48 0
w 432 112 432 192 0
w 432 192 400 192 0
w 208 112 208 176 0
w 208 176 304 176 0
w 304 176 304 352 0
w 480 128 480 352 0
w 480 352 304 352 0
d 480 48 480 96 1 0.805904783
d 336 32 288 32 1 0.7
w 336 32 336 48 0
w 336 48 400 48 0
w 16 32 16 80 0
d 16 32 288 32 1 0.25
r 160 224 160 288 0 22000
g 160 288 160 304 0
